5 // количество серверов
3 // количество каналов связи
0.05 // вероятность отказа
10 // количество тестов
10 // интервал наблюдения
1.96 // Квантиль нормального распределения
12  // Количество подключений к сети
10 // Количество Времени работы
-------------------------------------------------------------
// Подключения к сети
4 7 4 5 8 3 5 6 6 4 3 6
7 9 9 7 11 13 4 10 3 9 6 10
10 10 15 9 7 9 19 12 10 7 10 10
8 7 9 13 6 14 7 11 9 8 9 14
6 7 11 8 9 3 9 10 5 7 8 6
-------------------------------------------------------------
// Замеры времени работы
0.50 0.56 0.51 0.40 1.41 0.23 0.48 0.28 0.23 1.48
0.45 0.05 1.26 1.08 1.07 1.29 1.23 0.77 1.13 3.30
0.25 1.42 3.21 0.78 0.26 1.12 2.21 0.02 0.06 1.36
0.64 0.43 0.40 0.59 1.65 2.20 0.34 2.34 1.22 0.36
1.49 3.85 0.70 0.14 0.79 0.38 0.35 3.24 0.38 0.17
